285 147.165175  176.515869  1034.000000
284 28.453317  176.515869  1034.000000
278 271.041059  58.530754  1047.000000
277 151.268889  58.698464  1050.000000
276 30.720098  58.698464  1050.000000
270 277.813994  -62.792809  1066.000000
269 154.990853  -62.616094  1063.000000
268 31.188213  -62.792809  1066.000000
262 281.462583  -189.489206  1080.000000
261 157.906955  -190.015565  1083.000000
254 288.850679  -321.492949  1101.000000
253 160.968863  -324.289383  1104.000000
252 32.299988  -324.289383  1104.000000
243 -115.774775  177.028004  1037.000000
242 -233.701314  177.540139  1040.000000
241 -354.460106  178.222985  1044.000000
240 -470.687928  178.222985  1044.000000
235 -119.392794  58.866174  1053.000000
234 -241.198778  59.089787  1057.000000
233 -361.736337  59.257497  1060.000000
232 -481.589321  61.101389  1060.000000
227 -121.320313  -63.028430  1070.000000
226 -247.636079  -63.440765  1077.000000
225 -369.411233  -63.440765  1077.000000
224 -492.554594  -61.738798  1080.000000
218 -251.544912  -191.945547  1094.000000
217 -378.179492  -190.563652  1097.000000
216 -504.047257  -191.258506  1101.000000
211 -125.628885  -323.536955  1108.000000
210 -256.373471  -325.580961  1115.000000
209 -386.324373  -323.641395  1115.000000
208 -516.180859  -324.802441  1119.000000
