277 156.397329  215.988321  1060.000000
276 31.100442  216.599609  1063.000000
270 273.644178  89.748910  1050.000000
269 153.532801  90.005335  1053.000000
268 30.807869  90.005335  1053.000000
262 269.219781  -28.890604  1047.000000
261 149.015414  -30.711882  1047.000000
260 28.893601  -30.799882  1050.000000
254 261.992535  -146.289054  1040.000000
253 146.772376  -146.851704  1044.000000
252 28.728494  -146.851704  1044.000000
246 257.629021  -255.903934  1037.000000
245 143.984387  -255.903934  1037.000000
244 28.618424  -256.644254  1040.000000
235 -122.375739  216.599609  1063.000000
234 -246.961163  217.210897  1066.000000
233 -372.594093  218.025947  1070.000000
232 -495.439052  218.025947  1070.000000
227 -119.846328  90.347236  1057.000000
226 -241.883354  90.603662  1060.000000
225 -364.609230  90.860087  1063.000000
224 -486.650530  92.709198  1063.000000
218 -237.521431  -29.166541  1057.000000
217 -358.048553  -29.249322  1060.000000
216 -476.057644  -29.249322  1060.000000
211 -115.069937  -147.273692  1047.000000
210 -234.121945  -145.869183  1050.000000
208 -469.194291  -145.002971  1057.000000
203 -112.924164  -257.631347  1044.000000
202 -227.989190  -258.371667  1047.000000
201 -345.538252  -257.285490  1050.000000
200 -458.781057  -257.285490  1050.000000
